Jdv = 7*10^(-6);
Cm = 1.3;
Comega = 3.15;
Lya = 0.0015;
Rya = 8;
Lov = 0.013;
betta = 0.001;
